{
  "nbformat": 4,
  "nbformat_minor": 0,
  "metadata": {
    "colab": {
      "name": "Multivariate Exam.ipynb",
      "provenance": [],
      "authorship_tag": "ABX9TyPUah3c6WBlxroKR7iRJjex",
      "include_colab_link": true
    },
    "kernelspec": {
      "name": "python3",
      "display_name": "Python 3"
    },
    "language_info": {
      "name": "python"
    }
  },
  "cells": [
    {
      "cell_type": "markdown",
      "metadata": {
        "id": "view-in-github",
        "colab_type": "text"
      },
      "source": [
        "<a href=\"https://colab.research.google.com/github/ploybongkot/Multivariate/blob/main/Multivariate_Exam.ipynb\" target=\"_parent\"><img src=\"https://colab.research.google.com/assets/colab-badge.svg\" alt=\"Open In Colab\"/></a>"
      ]
    },
    {
      "cell_type": "markdown",
      "metadata": {
        "id": "udWQ5G9yUdUq"
      },
      "source": [
        "ให้นักศึกษาทำข้อสอบใน Colab Notebook นี้โดยกรอกข้อมูลของตัวเองใน cell ที่ 2 แล้วรัน cell ที่ 1 - 5 และเริ่มทำข้อสอบใน cell ที่ 6 เป็นต้นไป\n",
        "\n",
        "โดยโจทย์คือ\n",
        "\n",
        "1.ข้อมูลโจทย์ อยู่ใน ตัวแปร Data\n",
        "\n",
        "2.ทำ clustering แล้วทำ visualize ข้อมูลแบบ 2 มิติ\n",
        "\n",
        "3.ลด Dimension ของข้อมูลเหลือ 2 มิติ แล้วทำ clustering แล้ว visualize ข้อมูลแบบ 2 มิติ\n",
        "\n",
        "4.เปรียบเทียบความแตกต่างของผลข้อ 2. กับ ข้อ 3.\n",
        "\n",
        "5.เขียน comments อธิบายทุกขั้นตอน\n",
        "\n",
        "6.อัด video อธิบาย code ทุกๆขั้นตอนรวมถึงผลแล้วอัพลง youtube ในรูปแบบ unlist\n",
        "\n",
        "7.commit โดยใช้ชื่อ commit เป็น link youtube ที่อธิบาย code ในข้อ 6.\n",
        "\n",
        "\n",
        "กำหนดส่งวันที่ 2 พฤษภาคม 2564 (โดยให้มากรอกวันที่ commit ครั้งสุดท้ายใน sheet: https://docs.google.com/spreadsheets/d/1_qJwLDJVtOW1HxBcf_FHVc6UT4J_SOonuR6o3EEnVzw/edit?usp=sharing ช่อง Final)"
      ]
    },
    {
      "cell_type": "code",
      "metadata": {
        "id": "bFQfO_zKGaPF"
      },
      "source": [
        "from sklearn.datasets import make_blobs\n",
        "import random,math\n",
        "import numpy as np\n",
        "import pandas"
      ],
      "execution_count": 35,
      "outputs": []
    },
    {
      "cell_type": "code",
      "metadata": {
        "id": "eQo4vbo-IpBC"
      },
      "source": [
        "Name = 'พลอยบงกช แสงโทโพธิ์' \n",
        "ID = '6230210514'  # Name และ ID เป็นของนักศึกษาเอง โดยตรงนี้จะทำให้ข้อมูลที่รันออกมาของแต่ละคนไม่เหมือนกัน"
      ],
      "execution_count": 36,
      "outputs": []
    },
    {
      "cell_type": "code",
      "metadata": {
        "id": "qvr6MbuCI6jw"
      },
      "source": [
        "def DataGenerator(name,id):\n",
        "    random.seed(int(id[3:6]))\n",
        "    numfeat = random.randint(20,30)\n",
        "    ct = random.randint(len(name)-6,len(name))\n",
        "    \n",
        "    X, y = make_blobs(n_samples=10000, centers=ct, n_features=numfeat , random_state=int(id[3:6]))\n",
        "\n",
        "    print(f'{id[3:6]}:{numfeat}:{ct}')\n",
        "    X_t = (X[:,1]*2)+int(id[3])\n",
        "    X_t2 = (X[:,-1]*5)+int(id[4])\n",
        "\n",
        "    DT = np.append(X,X_t.reshape([10000,1]),axis=1)\n",
        "    DT = np.append(DT,X_t2.reshape([10000,1]),axis=1)\n",
        "    \n",
        "    return pandas.DataFrame(DT)"
      ],
      "execution_count": 37,
      "outputs": []
    },
    {
      "cell_type": "code",
      "metadata": {
        "colab": {
          "base_uri": "https://localhost:8080/"
        },
        "id": "DDQe-3M1I9xg",
        "outputId": "724ff366-4e3d-449d-c268-bae07eeebeed"
      },
      "source": [
        "Data = DataGenerator(Name,ID)"
      ],
      "execution_count": 38,
      "outputs": [
        {
          "output_type": "stream",
          "text": [
            "021:22:16\n"
          ],
          "name": "stdout"
        }
      ]
    },
    {
      "cell_type": "code",
      "metadata": {
        "colab": {
          "base_uri": "https://localhost:8080/",
          "height": 435
        },
        "id": "mpPPEUk-JvIQ",
        "outputId": "adba390e-1f8c-4eb6-fa06-58d347a250b5"
      },
      "source": [
        "Data"
      ],
      "execution_count": 39,
      "outputs": [
        {
          "output_type": "execute_result",
          "data": {
            "text/html": [
              "<div>\n",
              "<style scoped>\n",
              "    .dataframe tbody tr th:only-of-type {\n",
              "        vertical-align: middle;\n",
              "    }\n",
              "\n",
              "    .dataframe tbody tr th {\n",
              "        vertical-align: top;\n",
              "    }\n",
              "\n",
              "    .dataframe thead th {\n",
              "        text-align: right;\n",
              "    }\n",
              "</style>\n",
              "<table border=\"1\" class=\"dataframe\">\n",
              "  <thead>\n",
              "    <tr style=\"text-align: right;\">\n",
              "      <th></th>\n",
              "      <th>0</th>\n",
              "      <th>1</th>\n",
              "      <th>2</th>\n",
              "      <th>3</th>\n",
              "      <th>4</th>\n",
              "      <th>5</th>\n",
              "      <th>6</th>\n",
              "      <th>7</th>\n",
              "      <th>8</th>\n",
              "      <th>9</th>\n",
              "      <th>10</th>\n",
              "      <th>11</th>\n",
              "      <th>12</th>\n",
              "      <th>13</th>\n",
              "      <th>14</th>\n",
              "      <th>15</th>\n",
              "      <th>16</th>\n",
              "      <th>17</th>\n",
              "      <th>18</th>\n",
              "      <th>19</th>\n",
              "      <th>20</th>\n",
              "      <th>21</th>\n",
              "      <th>22</th>\n",
              "      <th>23</th>\n",
              "    </tr>\n",
              "  </thead>\n",
              "  <tbody>\n",
              "    <tr>\n",
              "      <th>0</th>\n",
              "      <td>1.039391</td>\n",
              "      <td>-2.387036</td>\n",
              "      <td>-3.497922</td>\n",
              "      <td>-5.328267</td>\n",
              "      <td>-8.678718</td>\n",
              "      <td>5.779481</td>\n",
              "      <td>4.693726</td>\n",
              "      <td>-9.039305</td>\n",
              "      <td>-6.856747</td>\n",
              "      <td>-3.051316</td>\n",
              "      <td>6.208178</td>\n",
              "      <td>-0.728674</td>\n",
              "      <td>-1.209568</td>\n",
              "      <td>-4.733171</td>\n",
              "      <td>0.827332</td>\n",
              "      <td>6.909030</td>\n",
              "      <td>10.460851</td>\n",
              "      <td>-7.759243</td>\n",
              "      <td>-0.127631</td>\n",
              "      <td>-9.629069</td>\n",
              "      <td>6.704932</td>\n",
              "      <td>3.139379</td>\n",
              "      <td>-4.774071</td>\n",
              "      <td>17.696893</td>\n",
              "    </tr>\n",
              "    <tr>\n",
              "      <th>1</th>\n",
              "      <td>-2.999958</td>\n",
              "      <td>-4.629015</td>\n",
              "      <td>-10.804170</td>\n",
              "      <td>7.985572</td>\n",
              "      <td>5.308159</td>\n",
              "      <td>8.399965</td>\n",
              "      <td>8.504110</td>\n",
              "      <td>-9.641025</td>\n",
              "      <td>5.591738</td>\n",
              "      <td>-8.668149</td>\n",
              "      <td>10.835163</td>\n",
              "      <td>4.685492</td>\n",
              "      <td>8.879597</td>\n",
              "      <td>6.214357</td>\n",
              "      <td>9.352480</td>\n",
              "      <td>4.336378</td>\n",
              "      <td>6.581569</td>\n",
              "      <td>-10.334358</td>\n",
              "      <td>2.683914</td>\n",
              "      <td>5.646710</td>\n",
              "      <td>6.793222</td>\n",
              "      <td>-11.571979</td>\n",
              "      <td>-9.258030</td>\n",
              "      <td>-55.859897</td>\n",
              "    </tr>\n",
              "    <tr>\n",
              "      <th>2</th>\n",
              "      <td>-2.283070</td>\n",
              "      <td>-3.935774</td>\n",
              "      <td>-8.418309</td>\n",
              "      <td>8.670313</td>\n",
              "      <td>9.549606</td>\n",
              "      <td>8.862807</td>\n",
              "      <td>8.557430</td>\n",
              "      <td>-9.420667</td>\n",
              "      <td>4.948781</td>\n",
              "      <td>-9.387406</td>\n",
              "      <td>9.019193</td>\n",
              "      <td>5.089031</td>\n",
              "      <td>8.126972</td>\n",
              "      <td>4.569491</td>\n",
              "      <td>8.980044</td>\n",
              "      <td>4.464475</td>\n",
              "      <td>6.643625</td>\n",
              "      <td>-11.016075</td>\n",
              "      <td>3.601535</td>\n",
              "      <td>8.752679</td>\n",
              "      <td>7.641445</td>\n",
              "      <td>-10.735928</td>\n",
              "      <td>-7.871548</td>\n",
              "      <td>-51.679641</td>\n",
              "    </tr>\n",
              "    <tr>\n",
              "      <th>3</th>\n",
              "      <td>-9.194473</td>\n",
              "      <td>-1.185524</td>\n",
              "      <td>-7.995901</td>\n",
              "      <td>-2.984028</td>\n",
              "      <td>7.249680</td>\n",
              "      <td>9.372627</td>\n",
              "      <td>-3.179537</td>\n",
              "      <td>-7.506007</td>\n",
              "      <td>7.405280</td>\n",
              "      <td>9.820167</td>\n",
              "      <td>-2.988439</td>\n",
              "      <td>-9.940277</td>\n",
              "      <td>-5.472871</td>\n",
              "      <td>7.402530</td>\n",
              "      <td>-9.224066</td>\n",
              "      <td>-3.228680</td>\n",
              "      <td>-4.187613</td>\n",
              "      <td>-6.418757</td>\n",
              "      <td>-7.754833</td>\n",
              "      <td>-10.555908</td>\n",
              "      <td>-7.064370</td>\n",
              "      <td>0.923576</td>\n",
              "      <td>-2.371048</td>\n",
              "      <td>6.617879</td>\n",
              "    </tr>\n",
              "    <tr>\n",
              "      <th>4</th>\n",
              "      <td>-9.444201</td>\n",
              "      <td>-1.702016</td>\n",
              "      <td>-9.139871</td>\n",
              "      <td>-5.528101</td>\n",
              "      <td>8.312870</td>\n",
              "      <td>9.514219</td>\n",
              "      <td>-3.243645</td>\n",
              "      <td>-8.603491</td>\n",
              "      <td>7.066946</td>\n",
              "      <td>10.185779</td>\n",
              "      <td>-2.530092</td>\n",
              "      <td>-10.427762</td>\n",
              "      <td>-7.104209</td>\n",
              "      <td>6.688527</td>\n",
              "      <td>-8.415212</td>\n",
              "      <td>-2.749131</td>\n",
              "      <td>-2.056412</td>\n",
              "      <td>-4.710402</td>\n",
              "      <td>-8.011179</td>\n",
              "      <td>-10.562339</td>\n",
              "      <td>-8.208584</td>\n",
              "      <td>0.777821</td>\n",
              "      <td>-3.404031</td>\n",
              "      <td>5.889103</td>\n",
              "    </tr>\n",
              "    <tr>\n",
              "      <th>...</th>\n",
              "      <td>...</td>\n",
              "      <td>...</td>\n",
              "      <td>...</td>\n",
              "      <td>...</td>\n",
              "      <td>...</td>\n",
              "      <td>...</td>\n",
              "      <td>...</td>\n",
              "      <td>...</td>\n",
              "      <td>...</td>\n",
              "      <td>...</td>\n",
              "      <td>...</td>\n",
              "      <td>...</td>\n",
              "      <td>...</td>\n",
              "      <td>...</td>\n",
              "      <td>...</td>\n",
              "      <td>...</td>\n",
              "      <td>...</td>\n",
              "      <td>...</td>\n",
              "      <td>...</td>\n",
              "      <td>...</td>\n",
              "      <td>...</td>\n",
              "      <td>...</td>\n",
              "      <td>...</td>\n",
              "      <td>...</td>\n",
              "    </tr>\n",
              "    <tr>\n",
              "      <th>9995</th>\n",
              "      <td>8.570663</td>\n",
              "      <td>7.745031</td>\n",
              "      <td>3.332551</td>\n",
              "      <td>-0.131125</td>\n",
              "      <td>7.754660</td>\n",
              "      <td>5.628446</td>\n",
              "      <td>-9.137776</td>\n",
              "      <td>4.680007</td>\n",
              "      <td>2.081125</td>\n",
              "      <td>-0.116858</td>\n",
              "      <td>-2.020254</td>\n",
              "      <td>-1.964122</td>\n",
              "      <td>-5.301779</td>\n",
              "      <td>6.363146</td>\n",
              "      <td>4.393194</td>\n",
              "      <td>-5.639505</td>\n",
              "      <td>5.383566</td>\n",
              "      <td>4.412469</td>\n",
              "      <td>5.423917</td>\n",
              "      <td>-5.223493</td>\n",
              "      <td>-3.606812</td>\n",
              "      <td>-3.393692</td>\n",
              "      <td>15.490063</td>\n",
              "      <td>-14.968462</td>\n",
              "    </tr>\n",
              "    <tr>\n",
              "      <th>9996</th>\n",
              "      <td>-3.842826</td>\n",
              "      <td>7.761330</td>\n",
              "      <td>8.457160</td>\n",
              "      <td>5.945992</td>\n",
              "      <td>-1.103217</td>\n",
              "      <td>-7.615587</td>\n",
              "      <td>-3.665617</td>\n",
              "      <td>-5.104629</td>\n",
              "      <td>-3.402164</td>\n",
              "      <td>-1.193836</td>\n",
              "      <td>0.588533</td>\n",
              "      <td>-5.866029</td>\n",
              "      <td>4.177580</td>\n",
              "      <td>4.930785</td>\n",
              "      <td>9.306959</td>\n",
              "      <td>-5.063622</td>\n",
              "      <td>2.325805</td>\n",
              "      <td>1.291390</td>\n",
              "      <td>-1.833363</td>\n",
              "      <td>-2.649395</td>\n",
              "      <td>5.420599</td>\n",
              "      <td>1.574869</td>\n",
              "      <td>15.522659</td>\n",
              "      <td>9.874343</td>\n",
              "    </tr>\n",
              "    <tr>\n",
              "      <th>9997</th>\n",
              "      <td>-0.311583</td>\n",
              "      <td>-5.155992</td>\n",
              "      <td>-0.031352</td>\n",
              "      <td>-3.847010</td>\n",
              "      <td>-7.231104</td>\n",
              "      <td>5.254831</td>\n",
              "      <td>6.039680</td>\n",
              "      <td>-12.467927</td>\n",
              "      <td>-5.154640</td>\n",
              "      <td>-4.414190</td>\n",
              "      <td>4.902544</td>\n",
              "      <td>-1.413603</td>\n",
              "      <td>0.676148</td>\n",
              "      <td>-3.840611</td>\n",
              "      <td>3.680246</td>\n",
              "      <td>8.088712</td>\n",
              "      <td>8.842759</td>\n",
              "      <td>-10.749802</td>\n",
              "      <td>0.801560</td>\n",
              "      <td>-8.552788</td>\n",
              "      <td>8.095367</td>\n",
              "      <td>4.019561</td>\n",
              "      <td>-10.311985</td>\n",
              "      <td>22.097806</td>\n",
              "    </tr>\n",
              "    <tr>\n",
              "      <th>9998</th>\n",
              "      <td>-4.375030</td>\n",
              "      <td>6.055453</td>\n",
              "      <td>7.682048</td>\n",
              "      <td>6.146512</td>\n",
              "      <td>0.789055</td>\n",
              "      <td>-6.143570</td>\n",
              "      <td>-3.665225</td>\n",
              "      <td>-3.816322</td>\n",
              "      <td>-4.300116</td>\n",
              "      <td>0.127750</td>\n",
              "      <td>1.098119</td>\n",
              "      <td>-5.090588</td>\n",
              "      <td>7.040712</td>\n",
              "      <td>4.018777</td>\n",
              "      <td>7.543468</td>\n",
              "      <td>-4.984854</td>\n",
              "      <td>1.728996</td>\n",
              "      <td>1.402700</td>\n",
              "      <td>-0.007905</td>\n",
              "      <td>-2.044807</td>\n",
              "      <td>5.931352</td>\n",
              "      <td>1.403840</td>\n",
              "      <td>12.110906</td>\n",
              "      <td>9.019200</td>\n",
              "    </tr>\n",
              "    <tr>\n",
              "      <th>9999</th>\n",
              "      <td>-4.407427</td>\n",
              "      <td>7.399718</td>\n",
              "      <td>8.619109</td>\n",
              "      <td>6.417425</td>\n",
              "      <td>-0.310546</td>\n",
              "      <td>-6.351155</td>\n",
              "      <td>-4.303254</td>\n",
              "      <td>-3.220005</td>\n",
              "      <td>-5.589985</td>\n",
              "      <td>-1.852675</td>\n",
              "      <td>4.098193</td>\n",
              "      <td>-6.252206</td>\n",
              "      <td>5.252065</td>\n",
              "      <td>5.746834</td>\n",
              "      <td>7.832322</td>\n",
              "      <td>-5.440472</td>\n",
              "      <td>2.133159</td>\n",
              "      <td>2.241358</td>\n",
              "      <td>-3.560922</td>\n",
              "      <td>-2.330735</td>\n",
              "      <td>5.967876</td>\n",
              "      <td>4.238111</td>\n",
              "      <td>14.799437</td>\n",
              "      <td>23.190554</td>\n",
              "    </tr>\n",
              "  </tbody>\n",
              "</table>\n",
              "<p>10000 rows × 24 columns</p>\n",
              "</div>"
            ],
            "text/plain": [
              "            0         1          2   ...         21         22         23\n",
              "0     1.039391 -2.387036  -3.497922  ...   3.139379  -4.774071  17.696893\n",
              "1    -2.999958 -4.629015 -10.804170  ... -11.571979  -9.258030 -55.859897\n",
              "2    -2.283070 -3.935774  -8.418309  ... -10.735928  -7.871548 -51.679641\n",
              "3    -9.194473 -1.185524  -7.995901  ...   0.923576  -2.371048   6.617879\n",
              "4    -9.444201 -1.702016  -9.139871  ...   0.777821  -3.404031   5.889103\n",
              "...        ...       ...        ...  ...        ...        ...        ...\n",
              "9995  8.570663  7.745031   3.332551  ...  -3.393692  15.490063 -14.968462\n",
              "9996 -3.842826  7.761330   8.457160  ...   1.574869  15.522659   9.874343\n",
              "9997 -0.311583 -5.155992  -0.031352  ...   4.019561 -10.311985  22.097806\n",
              "9998 -4.375030  6.055453   7.682048  ...   1.403840  12.110906   9.019200\n",
              "9999 -4.407427  7.399718   8.619109  ...   4.238111  14.799437  23.190554\n",
              "\n",
              "[10000 rows x 24 columns]"
            ]
          },
          "metadata": {
            "tags": []
          },
          "execution_count": 39
        }
      ]
    },
    {
      "cell_type": "code",
      "metadata": {
        "colab": {
          "base_uri": "https://localhost:8080/"
        },
        "id": "QgoPx7jIK9RZ",
        "outputId": "651e487d-8d12-4f5a-a4e4-cdbea589d3cf"
      },
      "source": [
        "Data.shape #ดูขนาดของข้อมูล Data  พบว่าข้อมูลมี 1000 แถว และ 24 columns"
      ],
      "execution_count": 40,
      "outputs": [
        {
          "output_type": "execute_result",
          "data": {
            "text/plain": [
              "(10000, 24)"
            ]
          },
          "metadata": {
            "tags": []
          },
          "execution_count": 40
        }
      ]
    },
    {
      "cell_type": "code",
      "metadata": {
        "id": "ubPaQ701YFoU"
      },
      "source": [
        "corr = np.corrcoef(Data.to_numpy().T)"
      ],
      "execution_count": 41,
      "outputs": []
    },
    {
      "cell_type": "code",
      "metadata": {
        "colab": {
          "base_uri": "https://localhost:8080/"
        },
        "id": "SbZs8bjDYJ-K",
        "outputId": "2ea61c87-1264-49e1-dac5-465e750ed803"
      },
      "source": [
        "corr.shape #ดูขนาดของ corrcoef ของ Data"
      ],
      "execution_count": 42,
      "outputs": [
        {
          "output_type": "execute_result",
          "data": {
            "text/plain": [
              "(24, 24)"
            ]
          },
          "metadata": {
            "tags": []
          },
          "execution_count": 42
        }
      ]
    },
    {
      "cell_type": "code",
      "metadata": {
        "id": "d91cQlwMhxCx",
        "colab": {
          "base_uri": "https://localhost:8080/"
        },
        "outputId": "d9bbdb94-3c40-42ca-a02d-fa182df02846"
      },
      "source": [
        "corr"
      ],
      "execution_count": 43,
      "outputs": [
        {
          "output_type": "execute_result",
          "data": {
            "text/plain": [
              "array([[ 1.00000000e+00,  1.13101835e-01,  1.77531012e-01,\n",
              "         1.94229017e-01, -1.39104568e-01,  1.65174747e-01,\n",
              "         1.13800123e-01,  3.37514876e-02, -1.30953421e-01,\n",
              "        -2.88983020e-01, -3.14360746e-02, -1.79196584e-02,\n",
              "         2.01185033e-01,  3.51387084e-02,  1.00653889e-01,\n",
              "        -4.18370508e-01, -2.02611067e-02,  3.66913013e-02,\n",
              "         3.67145849e-03, -4.02863184e-04, -8.66267737e-02,\n",
              "        -1.12311910e-01,  1.13101835e-01, -1.12311910e-01],\n",
              "       [ 1.13101835e-01,  1.00000000e+00,  3.00942925e-01,\n",
              "         6.64372149e-02,  1.05209110e-01,  1.54355181e-02,\n",
              "        -5.17501098e-01,  5.19843582e-01, -2.19093525e-01,\n",
              "        -7.18749655e-02, -3.68956684e-01, -2.48010200e-01,\n",
              "         2.06673584e-02, -5.14239086e-02,  2.40227823e-01,\n",
              "        -4.34151303e-01, -8.89258761e-02,  5.66941795e-02,\n",
              "        -1.01959900e-01,  1.94901290e-02, -2.43661928e-02,\n",
              "         6.22622477e-02,  1.00000000e+00,  6.22622477e-02],\n",
              "       [ 1.77531012e-01,  3.00942925e-01,  1.00000000e+00,\n",
              "        -3.25342186e-03, -4.24648914e-01, -5.30086392e-01,\n",
              "        -3.48148938e-01,  2.11085990e-01, -3.86840913e-01,\n",
              "        -2.11300840e-02, -1.10284446e-01,  1.67757696e-01,\n",
              "        -3.16393616e-02, -2.16862506e-01,  5.80797468e-01,\n",
              "        -3.00775767e-01,  5.64701684e-02,  4.02612072e-01,\n",
              "         3.91926339e-01, -3.50095632e-01,  2.03347384e-01,\n",
              "        -9.70789251e-02,  3.00942925e-01, -9.70789251e-02],\n",
              "       [ 1.94229017e-01,  6.64372149e-02, -3.25342186e-03,\n",
              "         1.00000000e+00,  3.96991581e-01,  2.02090358e-01,\n",
              "         2.58302653e-01, -1.20075144e-01,  3.25241997e-01,\n",
              "        -1.64704743e-01,  3.55930843e-01,  8.02827547e-02,\n",
              "         3.20508020e-01,  2.77986835e-01,  3.62447048e-01,\n",
              "        -3.36745289e-01,  2.18648168e-02, -9.85680331e-03,\n",
              "        -4.16372422e-02,  4.58361111e-01,  2.73784859e-01,\n",
              "        -3.45559602e-01,  6.64372149e-02, -3.45559602e-01],\n",
              "       [-1.39104568e-01,  1.05209110e-01, -4.24648914e-01,\n",
              "         3.96991581e-01,  1.00000000e+00,  5.18888234e-01,\n",
              "        -2.03741003e-01,  2.62644240e-01,  4.35298664e-01,\n",
              "         4.58589430e-01, -6.51571741e-02, -1.69715983e-01,\n",
              "        -2.36077496e-01,  4.69938203e-01,  3.67192630e-02,\n",
              "         7.02176853e-02, -1.51401722e-01, -2.05304613e-02,\n",
              "        -1.69923154e-01,  2.46618044e-01,  3.07864139e-03,\n",
              "        -7.31430156e-02,  1.05209110e-01, -7.31430156e-02],\n",
              "       [ 1.65174747e-01,  1.54355181e-02, -5.30086392e-01,\n",
              "         2.02090358e-01,  5.18888234e-01,  1.00000000e+00,\n",
              "         1.76949861e-01, -2.75717454e-02,  3.60487664e-01,\n",
              "         1.53271460e-01, -1.78937166e-02, -1.97284068e-01,\n",
              "        -2.07978292e-01,  5.24441849e-01, -1.30002880e-02,\n",
              "         1.55104047e-01,  2.78963659e-01, -2.35619096e-01,\n",
              "        -2.10110349e-01, -2.62653133e-02,  1.47764413e-01,\n",
              "        -2.62880338e-01,  1.54355181e-02, -2.62880338e-01],\n",
              "       [ 1.13800123e-01, -5.17501098e-01, -3.48148938e-01,\n",
              "         2.58302653e-01, -2.03741003e-01,  1.76949861e-01,\n",
              "         1.00000000e+00, -4.58698256e-01, -9.67638953e-02,\n",
              "        -2.93339110e-01,  2.67862706e-01,  7.80451068e-02,\n",
              "         4.62236939e-01, -1.11453781e-01, -2.95919490e-01,\n",
              "        -1.45735522e-02,  4.18401727e-01, -4.85281901e-02,\n",
              "         1.36428153e-01,  4.11647293e-01,  2.54247075e-01,\n",
              "        -2.47908510e-01, -5.17501098e-01, -2.47908510e-01],\n",
              "       [ 3.37514876e-02,  5.19843582e-01,  2.11085990e-01,\n",
              "        -1.20075144e-01,  2.62644240e-01, -2.75717454e-02,\n",
              "        -4.58698256e-01,  1.00000000e+00, -4.01546161e-01,\n",
              "         2.89749318e-01, -7.12402238e-01,  1.42036294e-01,\n",
              "        -1.70654008e-01, -2.70575979e-01,  9.95467474e-02,\n",
              "        -7.91545148e-02, -3.59281104e-02,  4.59901137e-01,\n",
              "         7.33262369e-02,  2.47840901e-01, -5.22443080e-02,\n",
              "         2.26761547e-01,  5.19843582e-01,  2.26761547e-01],\n",
              "       [-1.30953421e-01, -2.19093525e-01, -3.86840913e-01,\n",
              "         3.25241997e-01,  4.35298664e-01,  3.60487664e-01,\n",
              "        -9.67638953e-02, -4.01546161e-01,  1.00000000e+00,\n",
              "         1.32469574e-02,  4.14774019e-01,  8.96668522e-03,\n",
              "        -1.96651935e-01,  6.47450997e-01,  5.13584978e-02,\n",
              "         3.93004433e-02, -3.03339281e-01, -3.33081796e-01,\n",
              "        -3.54709338e-01, -8.93132159e-02, -2.02798792e-01,\n",
              "        -2.66364051e-01, -2.19093525e-01, -2.66364051e-01],\n",
              "       [-2.88983020e-01, -7.18749655e-02, -2.11300840e-02,\n",
              "        -1.64704743e-01,  4.58589430e-01,  1.53271460e-01,\n",
              "        -2.93339110e-01,  2.89749318e-01,  1.32469574e-02,\n",
              "         1.00000000e+00, -4.03620690e-01,  8.49931211e-02,\n",
              "        -3.36825429e-01,  1.57005775e-02, -4.97237470e-02,\n",
              "         6.68893520e-02, -9.32391026e-02,  2.58523451e-01,\n",
              "        -2.62387761e-01, -2.70852838e-01,  2.76036859e-01,\n",
              "         1.05858389e-01, -7.18749655e-02,  1.05858389e-01],\n",
              "       [-3.14360746e-02, -3.68956684e-01, -1.10284446e-01,\n",
              "         3.55930843e-01, -6.51571741e-02, -1.78937166e-02,\n",
              "         2.67862706e-01, -7.12402238e-01,  4.14774019e-01,\n",
              "        -4.03620690e-01,  1.00000000e+00,  1.15157793e-01,\n",
              "         3.49465095e-01,  2.03125042e-01,  2.73918483e-01,\n",
              "         1.26017659e-01,  6.37369212e-02, -5.21636273e-01,\n",
              "         1.39758176e-01, -7.17368420e-03,  1.92349647e-01,\n",
              "        -4.16010660e-01, -3.68956684e-01, -4.16010660e-01],\n",
              "       [-1.79196584e-02, -2.48010200e-01,  1.67757696e-01,\n",
              "         8.02827547e-02, -1.69715983e-01, -1.97284068e-01,\n",
              "         7.80451068e-02,  1.42036294e-01,  8.96668522e-03,\n",
              "         8.49931211e-02,  1.15157793e-01,  1.00000000e+00,\n",
              "         2.80021538e-01, -4.74263933e-01,  4.23508934e-01,\n",
              "         1.67540172e-01,  1.03994915e-01,  1.18146006e-02,\n",
              "         9.14469936e-02,  2.36398009e-01,  5.02943538e-01,\n",
              "        -2.29650666e-01, -2.48010200e-01, -2.29650666e-01],\n",
              "       [ 2.01185033e-01,  2.06673584e-02, -3.16393616e-02,\n",
              "         3.20508020e-01, -2.36077496e-01, -2.07978292e-01,\n",
              "         4.62236939e-01, -1.70654008e-01, -1.96651935e-01,\n",
              "        -3.36825429e-01,  3.49465095e-01,  2.80021538e-01,\n",
              "         1.00000000e+00, -2.85694904e-01,  5.31336082e-02,\n",
              "        -3.24927359e-01,  7.03015110e-02, -1.81609650e-01,\n",
              "        -7.39841938e-02,  5.40160635e-01,  3.61634300e-01,\n",
              "        -2.87373604e-01,  2.06673584e-02, -2.87373604e-01],\n",
              "       [ 3.51387084e-02, -5.14239086e-02, -2.16862506e-01,\n",
              "         2.77986835e-01,  4.69938203e-01,  5.24441849e-01,\n",
              "        -1.11453781e-01, -2.70575979e-01,  6.47450997e-01,\n",
              "         1.57005775e-02,  2.03125042e-01, -4.74263933e-01,\n",
              "        -2.85694904e-01,  1.00000000e+00,  4.38717793e-02,\n",
              "         3.11712072e-02, -4.88906089e-02, -6.02310969e-02,\n",
              "        -1.87682389e-01, -2.03461711e-01, -2.19594419e-01,\n",
              "        -2.22286606e-01, -5.14239086e-02, -2.22286606e-01],\n",
              "       [ 1.00653889e-01,  2.40227823e-01,  5.80797468e-01,\n",
              "         3.62447048e-01,  3.67192630e-02, -1.30002880e-02,\n",
              "        -2.95919490e-01,  9.95467474e-02,  5.13584978e-02,\n",
              "        -4.97237470e-02,  2.73918483e-01,  4.23508934e-01,\n",
              "         5.31336082e-02,  4.38717793e-02,  1.00000000e+00,\n",
              "         1.01353916e-01,  8.17446698e-02, -1.37528974e-01,\n",
              "         2.66363814e-01, -1.44874259e-01,  5.20683432e-01,\n",
              "        -3.08026408e-01,  2.40227823e-01, -3.08026408e-01],\n",
              "       [-4.18370508e-01, -4.34151303e-01, -3.00775767e-01,\n",
              "        -3.36745289e-01,  7.02176853e-02,  1.55104047e-01,\n",
              "        -1.45735522e-02, -7.91545148e-02,  3.93004433e-02,\n",
              "         6.68893520e-02,  1.26017659e-01,  1.67540172e-01,\n",
              "        -3.24927359e-01,  3.11712072e-02,  1.01353916e-01,\n",
              "         1.00000000e+00,  9.89034600e-02, -3.37239520e-01,\n",
              "         1.25739440e-01, -9.42121988e-02,  7.89176249e-02,\n",
              "         2.75821319e-01, -4.34151303e-01,  2.75821319e-01],\n",
              "       [-2.02611067e-02, -8.89258761e-02,  5.64701684e-02,\n",
              "         2.18648168e-02, -1.51401722e-01,  2.78963659e-01,\n",
              "         4.18401727e-01, -3.59281104e-02, -3.03339281e-01,\n",
              "        -9.32391026e-02,  6.37369212e-02,  1.03994915e-01,\n",
              "         7.03015110e-02, -4.88906089e-02,  8.17446698e-02,\n",
              "         9.89034600e-02,  1.00000000e+00,  3.55226018e-01,\n",
              "         5.76239839e-01,  1.20909509e-01,  5.44401050e-01,\n",
              "        -5.40427791e-01, -8.89258761e-02, -5.40427791e-01],\n",
              "       [ 3.66913013e-02,  5.66941795e-02,  4.02612072e-01,\n",
              "        -9.85680331e-03, -2.05304613e-02, -2.35619096e-01,\n",
              "        -4.85281901e-02,  4.59901137e-01, -3.33081796e-01,\n",
              "         2.58523451e-01, -5.21636273e-01,  1.18146006e-02,\n",
              "        -1.81609650e-01, -6.02310969e-02, -1.37528974e-01,\n",
              "        -3.37239520e-01,  3.55226018e-01,  1.00000000e+00,\n",
              "         3.53246163e-01,  1.29825795e-01,  8.91129684e-03,\n",
              "        -1.14742482e-01,  5.66941795e-02, -1.14742482e-01],\n",
              "       [ 3.67145849e-03, -1.01959900e-01,  3.91926339e-01,\n",
              "        -4.16372422e-02, -1.69923154e-01, -2.10110349e-01,\n",
              "         1.36428153e-01,  7.33262369e-02, -3.54709338e-01,\n",
              "        -2.62387761e-01,  1.39758176e-01,  9.14469936e-02,\n",
              "        -7.39841938e-02, -1.87682389e-01,  2.66363814e-01,\n",
              "         1.25739440e-01,  5.76239839e-01,  3.53246163e-01,\n",
              "         1.00000000e+00,  6.77669820e-02,  1.59829309e-01,\n",
              "        -3.97896541e-01, -1.01959900e-01, -3.97896541e-01],\n",
              "       [-4.02863184e-04,  1.94901290e-02, -3.50095632e-01,\n",
              "         4.58361111e-01,  2.46618044e-01, -2.62653133e-02,\n",
              "         4.11647293e-01,  2.47840901e-01, -8.93132159e-02,\n",
              "        -2.70852838e-01, -7.17368420e-03,  2.36398009e-01,\n",
              "         5.40160635e-01, -2.03461711e-01, -1.44874259e-01,\n",
              "        -9.42121988e-02,  1.20909509e-01,  1.29825795e-01,\n",
              "         6.77669820e-02,  1.00000000e+00,  8.85389973e-02,\n",
              "        -8.70351112e-02,  1.94901290e-02, -8.70351112e-02],\n",
              "       [-8.66267737e-02, -2.43661928e-02,  2.03347384e-01,\n",
              "         2.73784859e-01,  3.07864139e-03,  1.47764413e-01,\n",
              "         2.54247075e-01, -5.22443080e-02, -2.02798792e-01,\n",
              "         2.76036859e-01,  1.92349647e-01,  5.02943538e-01,\n",
              "         3.61634300e-01, -2.19594419e-01,  5.20683432e-01,\n",
              "         7.89176249e-02,  5.44401050e-01,  8.91129684e-03,\n",
              "         1.59829309e-01,  8.85389973e-02,  1.00000000e+00,\n",
              "        -4.30474387e-01, -2.43661928e-02, -4.30474387e-01],\n",
              "       [-1.12311910e-01,  6.22622477e-02, -9.70789251e-02,\n",
              "        -3.45559602e-01, -7.31430156e-02, -2.62880338e-01,\n",
              "        -2.47908510e-01,  2.26761547e-01, -2.66364051e-01,\n",
              "         1.05858389e-01, -4.16010660e-01, -2.29650666e-01,\n",
              "        -2.87373604e-01, -2.22286606e-01, -3.08026408e-01,\n",
              "         2.75821319e-01, -5.40427791e-01, -1.14742482e-01,\n",
              "        -3.97896541e-01, -8.70351112e-02, -4.30474387e-01,\n",
              "         1.00000000e+00,  6.22622477e-02,  1.00000000e+00],\n",
              "       [ 1.13101835e-01,  1.00000000e+00,  3.00942925e-01,\n",
              "         6.64372149e-02,  1.05209110e-01,  1.54355181e-02,\n",
              "        -5.17501098e-01,  5.19843582e-01, -2.19093525e-01,\n",
              "        -7.18749655e-02, -3.68956684e-01, -2.48010200e-01,\n",
              "         2.06673584e-02, -5.14239086e-02,  2.40227823e-01,\n",
              "        -4.34151303e-01, -8.89258761e-02,  5.66941795e-02,\n",
              "        -1.01959900e-01,  1.94901290e-02, -2.43661928e-02,\n",
              "         6.22622477e-02,  1.00000000e+00,  6.22622477e-02],\n",
              "       [-1.12311910e-01,  6.22622477e-02, -9.70789251e-02,\n",
              "        -3.45559602e-01, -7.31430156e-02, -2.62880338e-01,\n",
              "        -2.47908510e-01,  2.26761547e-01, -2.66364051e-01,\n",
              "         1.05858389e-01, -4.16010660e-01, -2.29650666e-01,\n",
              "        -2.87373604e-01, -2.22286606e-01, -3.08026408e-01,\n",
              "         2.75821319e-01, -5.40427791e-01, -1.14742482e-01,\n",
              "        -3.97896541e-01, -8.70351112e-02, -4.30474387e-01,\n",
              "         1.00000000e+00,  6.22622477e-02,  1.00000000e+00]])"
            ]
          },
          "metadata": {
            "tags": []
          },
          "execution_count": 43
        }
      ]
    },
    {
      "cell_type": "code",
      "metadata": {
        "id": "jh7atVXvjz6y",
        "colab": {
          "base_uri": "https://localhost:8080/"
        },
        "outputId": "541124f5-7e25-4c96-f3bf-45792eb2041a"
      },
      "source": [
        "for i in range(corr.shape[0]): #ทำการวนลูปหาค่า correlation ที่ซ้ำกัน\n",
        "    for j in range(corr.shape[1]):\n",
        "        if (i !=j) and (corr[i,j] == 1.):\n",
        "            print(f'column = {i}<=> column = {j} corrcoef = {corr[i,j]}') \n"
      ],
      "execution_count": 44,
      "outputs": [
        {
          "output_type": "stream",
          "text": [
            "column = 1<=> column = 22 corrcoef = 1.0\n",
            "column = 21<=> column = 23 corrcoef = 1.0\n",
            "column = 22<=> column = 1 corrcoef = 1.0\n",
            "column = 23<=> column = 21 corrcoef = 1.0\n"
          ],
          "name": "stdout"
        }
      ]
    },
    {
      "cell_type": "markdown",
      "metadata": {
        "id": "V5BQdfZt4tyF"
      },
      "source": [
        "จากการวนลูปพบว่ามี correlation ที่ซ้ำกันจึงต้องทำการตัดข้อมูลออก"
      ]
    },
    {
      "cell_type": "code",
      "metadata": {
        "id": "z4QsQZyNvjft"
      },
      "source": [
        "newdata = Data.iloc[:,1:]  "
      ],
      "execution_count": 45,
      "outputs": []
    },
    {
      "cell_type": "code",
      "metadata": {
        "id": "WeXwwKGij-M5",
        "colab": {
          "base_uri": "https://localhost:8080/",
          "height": 435
        },
        "outputId": "a47757ba-fbae-492b-e5a7-28be7eb9aa19"
      },
      "source": [
        "newdata"
      ],
      "execution_count": 46,
      "outputs": [
        {
          "output_type": "execute_result",
          "data": {
            "text/html": [
              "<div>\n",
              "<style scoped>\n",
              "    .dataframe tbody tr th:only-of-type {\n",
              "        vertical-align: middle;\n",
              "    }\n",
              "\n",
              "    .dataframe tbody tr th {\n",
              "        vertical-align: top;\n",
              "    }\n",
              "\n",
              "    .dataframe thead th {\n",
              "        text-align: right;\n",
              "    }\n",
              "</style>\n",
              "<table border=\"1\" class=\"dataframe\">\n",
              "  <thead>\n",
              "    <tr style=\"text-align: right;\">\n",
              "      <th></th>\n",
              "      <th>1</th>\n",
              "      <th>2</th>\n",
              "      <th>3</th>\n",
              "      <th>4</th>\n",
              "      <th>5</th>\n",
              "      <th>6</th>\n",
              "      <th>7</th>\n",
              "      <th>8</th>\n",
              "      <th>9</th>\n",
              "      <th>10</th>\n",
              "      <th>11</th>\n",
              "      <th>12</th>\n",
              "      <th>13</th>\n",
              "      <th>14</th>\n",
